Property A,Property B,Soil Type
0.24637,671.27,0
0.10847,2381.53,1
0.11188,2517.19,1
0.19949,5.67,1
0.07343,1373.92,1
0.16271,2294.84,1
0.09299,1562.52,1
0.35807,470.71,0
0.0348,1276.72,1
0.53616,463.61,0
0.27925,1541.83,1
0.29266,1397.4,1
0.36617,173.71,0
0.29426,1362.6,1
0.53927,954.92,1
0.41686,1466.93,0
0.4212,1071.52,0
0.0,659.57,1
0.26965,2106.55,1
0.37982,2556.34,1
0.04408,1091.61,1
0.30356,2113.96,1
0.26058,463.51,1
0.35769,-229.45,0
0.0,1014.07,1
0.0428,96.75,1
0.40414,1270.56,0
0.17575,1598.98,1
0.31541,1873.08,1
0.19909,1525.02,1
0.17421,444.62,1
0.16819,1041.24,1
0.3707,690.83,0
0.4391,593.31,0
0.5112,559.65,0
0.44051,-178.73,0
0.2189,1831.65,1
0.247,1404.69,1
0.0,1420.99,1
0.19075,731.64,1
0.0,1663.33,1
0.44129,1202.69,0
0.42105,1092.72,1
0.52546,304.0,1
0.37264,599.4,0
0.09166,2679.76,1
0.56268,-273.92,1
0.2277,2360.73,1
0.65606,1251.05,0
0.0,1018.76,1
0.51116,457.43,0
0.17974,1260.83,1
0.26373,758.61,1
0.09256,1258.98,1
0.36029,1296.09,1
0.07156,1988.5,1
0.52496,-693.05,1
0.13815,760.13,0
0.23474,-1080.91,1
0.36209,2864.84,1
0.52336,1050.22,0
0.0,1341.72,1
0.442,321.64,0
0.40369,1493.94,0
0.24573,1074.23,1
0.41503,749.69,0
0.49751,1228.22,0
0.32302,989.73,1
0.19068,1376.46,1
0.24996,1509.5,1
0.29028,1006.38,1
0.29444,2135.42,1
0.13534,214.94,1
0.35129,2071.09,1
0.24166,2160.68,1
0.39674,1496.45,1
0.33561,1157.87,1
0.4936,752.37,1
0.24793,1854.53,1
0.06276,3105.47,1
0.25079,64.85,0
0.44405,1096.32,1
0.05375,1967.9,1
0.15208,1747.1,1
0.21827,770.91,1
0.0759,1159.34,1
0.35507,2084.89,1
0.0,921.1,1
0.08974,2736.46,1
0.50389,1028.56,1
0.21072,402.59,0
0.45833,1149.05,2
0.59362,2058.06,0
0.52942,1341.76,0
0.47004,1910.55,0
0.20302,1222.39,1
0.40664,698.81,0
0.17644,749.66,1
0.14818,1170.79,1
0.25469,1246.16,1
0.36334,1954.18,1
0.33765,2304.88,1
0.33925,2186.45,1
0.32976,2648.06,1
0.19578,2497.78,1
0.57148,2077.16,1
0.24566,2266.3,1
0.39698,1820.11,1
0.18591,1805.42,1
0.59645,1889.08,0
0.41872,1966.28,1
0.56415,2123.47,0
0.23222,1101.72,1
0.2315,1471.18,1
0.42413,2102.49,1
0.31872,1956.78,1
0.02111,1897.04,1
0.37251,2312.7,1
0.3835,1789.16,1
0.07261,2035.29,1
0.14406,1061.24,1
0.32692,609.12,0
0.0,534.91,1
0.16253,460.07,1
0.2624,-419.3,1
0.06595,625.2,1
0.92857,141.68,1
0.0,1374.48,1
0.34567,817.16,0
0.0808,697.7,1
0.42886,139.38,0
0.0481,-287.18,1
0.10261,-171.43,1
0.25178,916.96,1
0.1674,-1130.91,1
0.75284,866.09,0
0.00637,535.23,1
0.17557,767.06,1
0.51106,-709.24,1
0.08225,-688.39,1
0.0,640.52,1
0.06117,200.13,1
0.28922,1995.67,1
0.66587,31.57,1
0.13795,-611.13,1
0.0,-63.5,1
0.05894,656.95,1
0.56966,1207.63,0
0.0,1248.87,1
0.18617,-21.91,1
0.2087,1262.94,1
0.45919,1277.56,0
0.04408,-216.04,1
0.0,-1005.39,1
0.56172,1037.77,1
0.04151,186.84,1
0.16441,662.17,1
0.0,2210.78,1
0.0,-138.17,1
0.0,704.52,1
0.35565,240.97,0
0.00045,123.6,1
0.10383,1389.84,2
0.0,1291.79,1
0.65722,1852.83,0
0.0,133.97,0
0.0,865.38,1
0.0,130.55,1
0.28605,583.33,0
0.17521,632.48,1
0.07662,421.62,1
0.17313,105.7,1
0.197,-348.7,1
0.0,827.22,1
0.0,445.96,1
0.24987,179.3,0
0.0,267.3,1
0.0,-949.34,1
0.37297,441.88,1
0.24583,-775.9,1
0.01863,1217.58,1
0.0,1508.99,1
0.0,-157.52,1
0.0,521.42,1
0.22456,344.05,1
0.0,-78.26,1
0.0,-228.87,1
0.0,-85.39,1
0.0,167.46,0
0.22074,-334.96,1
0.54482,1485.12,0
0.1815,137.83,0
0.10445,116.84,1
0.30781,328.23,0
0.5693,256.09,1
0.57865,-1379.53,1
0.16911,413.75,1
0.3068,-953.31,1
0.0,119.33,1
0.13329,1330.44,1
0.77061,-76.81,1
0.0,1645.35,1
0.1254,-445.37,1
0.27479,-189.34,1
0.28842,1493.34,1
0.0,1292.44,1
0.29519,-1345.18,1
0.33445,91.46,0
0.24576,-381.39,1
0.00496,-710.0,1
0.0,37.62,1
0.0,660.98,1
0.39027,1222.83,0
0.18796,902.7,1
0.23137,499.24,1
0.0,960.28,1
0.0,-1796.26,1
0.8164,724.66,1
0.0,1716.59,1
0.0,983.84,1
0.23087,230.86,1
0.35582,819.35,2
0.0,-505.42,1
0.0,708.77,1
0.0,202.55,1
0.20762,-851.23,1
0.66152,830.72,0
0.08126,-1314.41,0
0.54645,495.98,0
0.17919,345.9,0
0.29463,881.86,1
0.07095,462.25,0
0.0,1011.4,1
0.0,77.56,1
0.24565,127.89,0
0.09145,185.77,1
0.21431,206.35,1
0.10223,589.46,1
0.0,279.04,1
0.52758,-443.26,1
0.08414,-155.38,1
0.0,445.77,1
0.0,1269.4,1
0.04982,324.47,1
0.09562,-665.35,1
0.0,869.1,1
0.0,-1737.51,1
0.0,-520.39,1
0.0,-266.25,1
0.0,-1035.95,1
0.02393,-458.03,0
0.0,187.53,1
0.27035,612.24,0
0.397,-508.66,1
0.20253,238.32,0
0.14144,247.72,1
0.43687,229.63,0
0.82819,884.23,1
0.29746,1572.32,2
0.20854,390.99,0
0.0,397.55,1
0.0,1231.18,1
0.0,-705.97,1
0.0,-391.89,1
0.57349,-182.28,1
0.0,175.66,1
0.12963,153.91,0
0.0,822.2,1
0.17729,-1161.82,1
0.0,-415.04,1
0.0,280.74,1
0.23571,1774.08,0
0.0,-96.86,1
0.0,769.29,1
0.0,754.55,1
0.0384,801.83,1
0.98727,78.28,1
0.56094,-293.88,1
0.50555,1562.39,0
0.0,-722.19,1
0.17249,1190.98,1
0.02337,795.4,1
0.05355,1011.16,1
0.66721,1053.99,0
0.43981,235.73,1
0.0,948.39,1
0.0,-2321.21,1
0.0,245.9,1
0.50778,2266.27,1
0.37909,-546.37,1
0.48196,71.75,1
0.3577,885.58,0
0.06423,1735.98,1
0.0,1009.64,1
0.19489,719.67,0
0.68708,-270.53,1
0.24252,515.15,0
0.0,-204.55,1
0.7377,-386.63,1
0.0,524.19,1
0.29761,991.72,1
0.12212,615.8,1
0.0,-1415.78,1
0.32586,19.98,0
0.88272,1472.17,1
0.39535,972.71,0
0.44968,1054.27,0
0.0,115.47,1
0.0,260.9,1
0.54251,12.09,0
0.0,1077.22,1
0.36548,-803.3,1
0.74629,-938.0,1
0.0,-1185.74,1
0.19315,-792.33,1
0.47495,1114.09,0
0.24358,-44.35,0
0.3278,1025.89,1
0.0,-778.21,1
0.37363,1012.45,0
0.76276,-42.48,1
0.74598,-1391.55,1
0.66643,352.07,1
0.67101,-242.42,1
0.70318,1080.81,0
0.73292,-302.89,1
0.75732,45.11,1
0.70645,175.87,1
0.81487,-41.98,1
0.6562,499.62,0
0.67727,-250.35,1
0.67903,-309.52,1
0.7063,233.41,1
0.6558,-522.37,1
0.72163,-350.75,1
0.83308,-511.5,1
0.5082,-229.76,1
0.94278,-7.66,1
0.79278,669.5,0
0.65703,-467.61,0
0.63162,-159.66,1
0.57423,460.47,1
0.83621,-526.55,1
0.68759,-81.22,0
0.47796,-249.44,1
0.61114,-63.69,0
0.78036,134.39,1
0.82517,-91.37,1
0.67134,84.21,0
0.64938,209.47,0
0.79136,-515.4,1
0.75858,118.8,1
0.77156,169.11,1
0.8932,177.06,1
0.71647,13.28,1
0.59849,450.26,0
0.92692,229.96,1
0.88852,-698.27,1
0.67462,78.6,1
0.61551,-422.91,1
0.78454,455.71,0
0.69267,-339.1,1
0.7209,-3.79,0
0.64652,151.49,0
0.87606,-326.78,1
0.62258,264.34,0
0.82479,54.2,1
0.83711,394.39,1
0.72924,-423.05,1
0.76977,-754.9,1
0.57913,675.2,1
0.76194,-164.95,1
0.66717,178.9,1
0.73776,527.72,1
0.64122,-363.89,1
0.45981,-894.22,1
0.81856,-637.26,1
0.72395,-244.14,1
0.63379,-558.44,1
0.65979,-58.81,1
0.6696,-1018.82,1
0.85599,-679.86,1
0.92862,-458.6,1
0.58738,504.69,0
0.77723,-8.53,1
0.61117,683.69,0
0.61448,-705.69,1
0.76224,-508.42,0
0.70672,-338.18,1
0.84479,-553.39,1
0.7117,325.94,0
0.71021,-325.34,1
0.80157,54.35,1
0.72292,577.49,1
0.96259,-865.57,1
0.67008,-30.05,1
0.74818,251.71,1
0.77373,5.1,1
0.69234,-203.57,0
0.75553,270.85,1
0.67487,-692.26,1
0.79404,-310.4,1
0.8083,-97.77,1
0.6328,-546.9,1
0.6878,640.77,0
0.56407,580.44,0
0.77156,-104.24,1
0.67563,36.73,1
0.5568,519.74,0
0.73966,-24.86,1
0.74939,-106.35,1
0.71291,-841.29,1
0.59218,397.45,0
0.72146,580.4,0
0.73869,380.98,1
0.79266,126.81,1
0.7047,-553.47,1
0.76646,-428.53,1
0.59059,587.76,0
0.85785,1024.18,0
0.96329,327.25,1
0.79022,-705.94,1
0.66597,-1564.31,1
0.517,364.28,1
0.0,-1597.19,1
0.80652,643.04,1
0.0,503.04,1
1.19681,-1041.23,1
0.0,112.09,1
0.56915,917.27,0
0.73617,-1581.55,1
0.11842,-1137.63,1
1.86156,-410.18,0
0.0,-764.0,1
1.0755,-905.78,1
1.1701,-156.91,1
0.8992,-106.59,1
0.82183,-69.19,1
0.88694,-312.59,0
0.09991,200.41,1
1.64783,-1399.07,2
0.36362,-70.24,0
0.11839,474.35,1
0.23314,-1339.08,1
1.02403,238.83,1
1.16699,-507.84,1
0.93283,-323.14,1
1.13081,-1756.77,2
1.15255,-302.19,1
0.16615,-1029.93,1
0.62458,-1230.31,1
0.05688,-537.24,1
0.0,-1560.89,0
1.59329,9.72,2
0.66603,-1493.44,1
0.76933,-2722.66,1
0.0,-177.26,1
0.37497,-1061.41,1
1.33809,238.71,2
1.53146,-449.57,2
0.98601,-765.22,1
0.93999,-1321.21,1
0.47329,-862.97,1
0.86204,-148.82,1
0.81362,1776.25,0
1.12923,-363.11,1
0.03264,-177.47,1
0.16508,-1105.49,1
0.73987,-349.03,1
0.50185,421.78,0
1.85914,-2274.41,2
0.13714,-53.06,1
0.86315,707.69,1
1.3236,-1858.29,2
0.0,-1068.69,1
0.0,284.31,1
0.6005,-973.67,1
0.67397,346.66,0
0.2415,-591.63,1
0.0,56.6,1
0.96988,-567.67,1
1.11815,365.19,2
1.12028,-1114.67,1
1.31305,705.1,0
1.63296,336.65,2
1.34575,857.65,0
0.20088,-622.16,1
0.74774,-222.8,0
0.28306,-1476.86,1
0.0,645.57,1
1.36385,1883.09,0
1.40007,2485.3,0
1.07408,1375.01,0
1.22078,1326.59,0
1.43715,1733.61,0
1.57052,1838.7,2
1.41438,1784.35,0
1.58157,1855.97,2
0.93623,2016.88,0
1.31486,1581.14,0
1.36494,4789.74,1
1.28069,2438.44,1
1.00424,1435.34,0
1.32518,2329.09,1
1.73296,3382.67,1
1.36467,4571.2,1
1.2618,1802.89,0
1.46984,1389.83,0
1.40934,1638.56,0
1.35232,2350.61,0
1.52778,-175.27,2
1.56256,1195.41,2
1.28546,141.6,2
1.60071,2538.72,2
1.29847,2959.91,0
1.35022,4298.14,1
1.32787,1807.31,0
1.64119,1683.95,2
1.15916,1234.39,0
1.18881,3185.72,1
1.35838,4344.69,1
1.35509,2150.04,0
1.39124,2847.18,0
1.83498,1800.66,1
1.64656,787.48,2
1.29299,1054.04,0
1.7971,2413.38,2
1.49505,2126.06,1
1.31843,2730.62,0
1.56487,2255.06,0
1.02816,473.92,1
1.15054,1516.19,0
1.46099,1063.45,0
1.27396,1158.83,1
1.47006,1276.08,0
1.47369,2806.61,1
1.49903,1384.55,0
1.17547,3324.6,0
1.31122,3491.67,0
1.37981,1702.07,0
1.6345,2668.37,0
1.3411,2598.61,1
1.58702,891.11,1
1.42351,2041.65,2
1.61337,1461.58,2
1.26464,1571.34,0
1.30788,2920.35,0
1.14673,2615.99,0
1.41044,1842.72,0
1.55332,2305.28,0
1.21022,1675.95,0
1.52398,2729.03,0
1.35434,1113.24,0
1.5536,2128.05,2
1.38604,1528.11,0
1.53521,1693.44,0
1.46345,4070.12,1
1.35919,2765.88,1
1.55656,2871.83,0
1.5766,1860.79,2
1.5922,-56.24,1
1.27762,2647.58,0
1.17035,1613.21,0
1.59557,2397.97,0
1.21842,3233.88,0
1.17215,3228.33,1
1.61322,3678.18,0
1.43364,2179.57,0
1.57668,2059.03,0
1.67306,3776.49,1
1.35877,1358.07,0
1.18429,436.69,1
1.49938,797.49,0
1.3985,641.56,0
1.35629,451.75,0
1.26568,1013.45,0
1.39637,1414.51,0
1.56106,2777.14,0
1.32503,1801.93,0
1.62212,3274.64,1
0.7322,3466.04,1
1.35513,1633.34,0
1.74735,1654.54,2
1.48625,1669.97,0
1.48074,804.33,2
1.47764,2617.06,0
1.40197,2092.63,0
1.69379,1063.14,2
1.10666,1703.79,0
0.92107,3108.62,0
1.64338,3218.18,1
1.42052,1934.83,1
1.51582,2719.29,0
1.33889,2388.31,0
1.63662,1796.45,2
1.35311,3605.73,1
1.56966,1958.51,1
1.26993,2877.85,0
1.23889,2355.7,1
1.63122,774.78,2
1.50603,2493.71,2
1.48524,4000.95,1
1.28881,653.91,0
1.49328,2350.55,1
1.45011,549.88,0
1.19598,1356.95,0
1.71466,3286.56,1
1.44293,2010.64,0
1.32466,2059.46,0
1.25912,2931.98,0
1.79536,721.74,2
0.95938,2687.51,1
1.49354,1350.04,0
1.75636,4164.87,1
1.23181,2188.22,0
1.58441,1830.41,2
1.38016,4400.56,1
1.30131,1877.87,0
1.22977,3167.66,0
1.91585,1736.27,2
1.44189,2214.96,0
1.35059,1754.75,0
1.77525,3458.29,1
1.45549,1389.59,0
1.3937,616.69,0
1.27911,2883.36,0
1.45801,1491.26,0
1.48371,2710.4,0
1.58616,1644.08,0
1.40099,2827.22,0
1.65079,2935.65,0
1.4221,2919.62,0
1.56627,3034.36,0
1.15563,3977.53,1
1.39214,-631.24,1
1.13279,-310.42,1
1.58118,2463.46,0
1.37232,1346.33,0
1.38314,1945.27,0
1.74024,3447.83,1
1.66094,1817.26,1
1.43915,1703.77,0
1.81038,1481.1,2
1.57044,2816.97,0
1.48739,3514.51,0
1.46165,2851.97,0
1.4213,1416.01,1
1.5946,2309.79,0
1.31125,2209.28,0
1.23702,1001.17,0
1.70518,1473.54,2
1.41308,2688.81,1
1.45818,2897.39,0
1.30101,712.07,1
1.19839,1918.07,0
1.29485,2133.73,0
1.47226,-580.67,2
1.31286,1101.24,0
1.51463,1979.35,0
0.96342,2325.27,0
1.29712,1092.71,0
1.73209,1747.23,2
1.54771,4679.27,1
1.00791,4184.25,1
1.00771,2776.59,0
1.87126,1977.19,1
1.23613,1805.16,0
1.37085,2451.46,0
1.56835,2291.31,0
1.45303,2647.6,0
1.28362,419.53,0
1.56824,2523.66,0
1.54598,1843.69,0
1.43708,1882.93,0
1.46272,591.39,0
1.33611,315.29,1
1.76745,1107.14,2
1.47173,1991.87,0
1.32657,1967.45,0
1.24654,2694.67,0
1.33223,2443.74,0
1.21391,1494.73,0
1.33938,2564.04,0
1.45891,2892.22,1
1.35474,217.92,1
1.28707,1809.93,0
1.58857,2068.02,0
1.43036,1877.17,0
1.59246,1042.02,2
1.24124,387.92,1
1.12525,1551.46,1
1.21971,1383.03,0
1.68641,2878.35,2
1.05997,2523.83,2
1.28979,2671.01,0
1.28742,1294.46,1
1.66018,515.88,2
1.41131,956.74,0
0.79697,1348.61,0
1.27125,2075.26,0
1.34418,1646.44,1
1.60211,2037.23,2
1.47513,1469.37,0
1.63982,1039.03,2
1.67396,1204.13,1
1.51083,3053.76,0
1.20749,3705.18,1
1.45022,2666.48,0
1.4039,2184.6,1
1.09825,1909.16,0
1.57091,1073.97,0
1.43411,1288.07,0
1.60957,1587.99,2
1.42719,2605.65,0
1.50288,449.67,0
1.58888,841.0,2
1.1343,2128.13,0
1.15091,2729.92,0
1.32034,2859.39,0
1.59649,2784.47,0
1.59794,1318.52,1
1.11807,1965.1,0
1.3333,1570.62,1
1.01339,1489.55,0
1.51922,772.4,1
1.4249,2037.65,1
1.49299,3869.45,1
1.3656,2074.0,0
1.29653,1993.66,0
1.35754,1811.85,0
1.54089,2223.16,2
1.472,2198.24,0
1.58479,2895.66,0
1.65218,1672.85,2
1.83717,1794.2,2
1.27596,2408.86,0
1.27404,1844.68,0
1.30117,2533.42,0
1.32357,3474.68,0
1.25984,2426.55,0
1.65724,888.52,2
1.37862,2071.37,2
1.44426,2489.81,0
1.26909,1823.99,0
1.54023,2750.56,0
1.59888,1322.74,2
1.45,1134.45,0
1.10964,1286.39,2
1.40129,3100.34,0
1.30659,2788.93,0
1.52085,1163.41,2
1.37267,1742.49,0
1.53227,1448.3,2
1.42964,1741.29,0
1.42322,1183.86,1
1.21401,1676.53,0
1.54761,2930.69,0
1.255,3148.23,0
1.79698,2388.31,2
1.27748,1360.43,0
1.56706,1716.42,0
0.96422,-422.63,1
1.17613,2613.13,0
1.7155,3805.61,1
1.38239,2056.41,1
1.43665,1843.39,0
1.26409,3387.53,0
1.74652,1136.77,1
1.60779,1270.23,0
1.35287,4212.79,1
1.26449,3529.63,1
1.26225,2338.49,0
1.4513,2746.15,1
1.46392,2599.49,0
1.6494,1296.7,2
1.61299,1631.9,2
1.44778,1606.32,1
1.48366,1867.3,0
1.51892,683.68,1
1.55441,2884.78,1
1.69336,1366.27,0
1.39868,1075.01,0
1.18514,757.04,1
1.51199,2084.17,1
1.48385,3205.49,0
1.15667,1637.27,0
1.1789,2475.41,0
1.10869,1981.64,1
1.64332,3027.45,0
1.45518,2523.87,0
1.27016,1740.35,1
1.36204,999.26,0
1.09737,3239.33,0
1.15954,1974.18,0
1.3806,-450.75,1
0.93911,3320.94,1
1.49401,-558.58,2
1.18467,1677.22,0
1.21737,2122.15,1
1.32124,1079.36,0
1.69895,996.0,2
1.09009,911.75,0
1.42901,1895.48,0
1.40492,2051.87,0
1.58001,1757.16,2
1.76351,3178.45,1
1.31882,2653.87,0
1.48725,1370.3,2
1.30905,1819.73,0
1.55324,805.74,1
1.41738,2001.67,0
1.21943,3153.31,1
1.26064,2000.49,0
1.48207,-34.49,0
1.58836,2042.59,2
1.26604,2047.83,0
1.53973,1405.65,2
1.25039,764.17,1
1.42266,2151.49,1
0.96954,2035.21,0
1.66894,1814.33,2
1.61365,1871.44,2
1.52172,3240.34,1
1.22067,2615.31,1
1.13692,2638.31,0
1.31565,1612.3,0
1.39565,1085.21,0
1.26794,1846.83,0
1.26459,2256.74,0
1.0646,800.03,1
1.33566,1943.3,1
1.62388,662.55,2
1.37948,3429.77,1
1.15871,1513.5,1
1.62077,2403.61,2
1.46169,2677.07,0
1.37233,1459.7,0
1.55007,564.4,0
1.32693,3007.03,0
1.67441,3595.67,1
1.36643,2407.83,0
1.39433,2244.95,1
1.50747,2869.3,0
1.33579,3322.37,0
1.7836,1718.99,2
1.32041,3262.79,0
1.65739,2902.34,0
1.67346,965.04,1
1.13035,2399.63,0
1.33299,1712.25,0
1.63013,1234.95,2
1.46884,719.18,1
1.28994,961.12,0
1.4724,2457.77,0
1.45326,2334.29,0
1.19423,1409.53,1
1.35665,1206.88,0
1.32882,2765.44,0
1.4,3489.1,0
1.45846,3958.34,1
1.38782,781.78,1
1.32144,2991.38,1
1.15082,3222.69,0
1.39815,1777.87,0
1.24232,1515.88,1
1.29398,2825.52,1
1.44286,3537.08,0
1.0742,1753.99,0
1.18951,2744.58,1
1.49459,1640.48,2
1.38267,1840.67,0
1.44975,2254.31,0
1.2945,2699.67,0
1.33912,2476.36,0
1.98477,1457.87,2
1.2617,2136.09,1
1.60814,3783.24,1
1.24832,1183.35,0
1.64566,1309.06,2
1.47707,1754.7,0
1.62001,1795.54,2
1.34969,2321.66,0
1.21232,3005.94,1
1.24716,2572.52,1
1.21744,2024.89,0
1.14115,1998.64,0
0.96831,410.96,1
1.58185,2641.9,0
1.59583,3562.03,1
1.29356,2352.33,0
2.00344,-2004.98,1
1.91922,332.85,1
2.15386,317.42,2
1.92861,515.48,2
1.93083,-709.93,1
1.92113,283.87,2
1.81273,1141.75,1
1.98973,1624.7,2
1.76203,2061.22,2
1.96849,2915.18,2
1.88196,-970.77,0
1.95531,1253.32,2
1.97469,953.46,1
1.92844,1888.8,2
1.9235,4357.12,1
2.13828,347.4,2
1.85477,-838.28,2
2.02189,2349.09,1
1.92148,2624.38,2
1.96228,1415.12,0
1.89262,1687.84,1
1.62697,482.99,2
1.89477,977.11,2
1.88068,528.24,2
1.90503,1738.34,2
1.89117,-312.14,2
1.91789,2300.88,1
1.98347,-517.38,2
1.97057,1682.58,1
1.89618,-1546.35,2
1.89135,2416.24,1
1.78435,333.06,2
1.60856,1450.76,1
2.04981,-441.16,2
1.81128,2543.92,2
1.90431,4070.05,1
1.88041,728.0,2
1.89512,1802.68,2
1.96691,2221.57,2
1.87789,443.23,2
1.89335,526.87,2
1.89392,1119.5,2
1.93171,1397.03,2
2.07878,-156.95,1
1.91081,283.1,2
1.95038,462.66,2
1.82915,2105.11,2
1.98176,2418.02,2
2.08169,3163.47,1
2.06784,942.09,2
1.8921,-2013.04,2
1.93365,654.58,2
2.11166,1820.03,2
1.88251,599.11,2
1.89992,900.73,2
1.94699,1714.06,1
1.81375,1193.56,2
1.80116,1046.33,2
1.97592,1349.16,2
2.00699,879.06,2
1.94675,-145.08,2
2.02548,1202.24,2
2.01716,153.49,2
1.86955,349.09,2
1.88874,985.88,1
1.87508,623.64,2
1.93459,1440.53,2
1.80545,4349.24,1
1.8491,211.93,1
1.81363,2412.88,1
2.01662,402.02,2
2.03158,-1160.21,2
1.64093,1430.15,2
1.94434,0.89,2
1.8525,2063.33,2
2.0507,2617.23,1
2.02404,625.51,1
1.93934,2255.78,1
1.93007,1745.0,2
2.02581,1628.07,2
2.03064,-21.96,2
1.87184,1505.24,1
1.81027,1084.05,2
1.88958,1306.73,1
1.76592,2159.82,2
1.87177,1727.54,2
1.98617,290.83,2
1.89895,-819.77,2
1.79013,3030.68,1
1.90271,2200.28,1
1.99983,2303.33,2
1.92815,2509.02,2
1.97509,239.89,2
1.89814,1007.91,1
2.03109,2973.47,1
1.94638,2865.62,1
1.8229,1183.73,2
1.86136,641.67,2
1.83125,1816.16,2
1.92651,1341.03,2
1.71529,772.93,0
2.00161,1015.01,0
1.69953,2497.91,2
1.74435,577.84,2
1.87799,1292.47,1
1.85448,730.45,2
1.91674,854.36,2
1.82713,267.11,2
1.87672,1139.73,1
1.99306,2530.58,2
2.08692,2390.18,2
2.07807,2456.56,2
1.91041,1754.3,2
1.86339,614.92,1
1.93218,1805.51,2
1.77983,1156.48,1
1.81082,1653.5,2
1.98059,720.74,2
1.85476,1174.47,2
1.82042,44.98,2
1.97879,2179.75,2
1.85707,-107.3,2
2.02228,737.33,2
1.91396,2685.25,2
1.8525,1542.34,2
1.94786,-4.25,2
1.97503,-271.14,2
1.85763,3401.53,1
1.87237,-317.33,1
1.78192,3441.85,1
1.9517,-335.98,0
1.88517,366.79,2
1.85149,1556.35,2
1.91673,325.61,1
1.93193,3059.16,1
1.98511,532.04,1
1.87108,2117.04,2
1.82668,942.6,2
1.85256,-631.83,1
2.01807,3592.25,1
1.92066,151.69,2
1.84453,-1251.85,2
1.83174,1570.14,2
1.74912,3292.19,1
2.1196,449.97,2
1.8374,988.76,1
2.04754,1988.08,2
2.08058,2271.88,1
2.20922,1646.55,2
1.86217,185.97,2
1.94239,2108.89,2
1.8537,-233.3,2
1.80952,2658.48,2
1.93954,-392.58,2
1.90357,1481.95,2
2.08676,-589.71,2
1.99344,613.26,2
1.91874,2145.14,1
1.84363,240.8,2
1.93073,-2786.54,2
1.68335,196.64,2
1.88092,951.18,1
1.8902,3727.47,1
1.85871,3297.98,1
1.93765,893.26,1
1.88567,1781.23,1
1.88285,2582.63,2
1.83177,2197.9,2
2.09126,1708.12,2
1.77028,771.42,2
1.98604,321.82,2
1.8684,966.17,2
2.0976,2980.05,1
1.91352,681.77,1
2.03163,2624.99,1
1.79975,1301.68,2
1.92689,1178.57,2
1.81945,1571.13,2
2.05856,2002.57,1
1.9849,2048.61,2
1.93334,161.37,1
1.95021,2294.88,1
1.80971,-563.04,2
1.78997,1844.7,2
1.94487,-107.16,2
1.92495,3970.39,1
1.85028,3663.05,1
1.89187,730.17,1
1.84849,2167.69,2
1.86218,940.51,2
1.91562,2976.66,2
1.88933,-237.48,2
1.97449,1295.62,1
1.92779,1577.05,2
1.85695,2603.83,2
1.79799,3669.16,1
1.92571,2079.73,2
1.99217,347.74,2
1.96208,-574.11,2
1.8087,2106.63,2
1.92706,-0.51,2
1.89178,-875.56,1
2.00233,1068.44,2
1.81822,2232.98,2
1.93175,464.3,2
1.78325,1630.74,1
1.64048,1200.13,2
1.94322,1641.6,1
2.02266,550.43,1
1.86199,611.39,2
1.88736,1652.06,1
1.89311,2957.14,1
1.89911,381.06,2
1.84177,-546.74,0
1.92557,862.25,2
1.88387,1045.16,2
1.98415,3587.19,1
1.89223,1704.99,2
2.01192,433.58,2
1.9347,3503.6,1
1.69155,1456.81,2
1.79167,279.92,2
1.83698,2137.52,2
1.99759,2273.74,2
1.89185,2401.17,2
1.9143,196.07,2
1.93034,2051.63,2
1.98548,1577.74,1
1.8804,1240.39,2
1.85286,2209.93,1
2.047,1606.8,1
1.87602,1343.09,2
1.9599,199.72,2
1.96086,-1529.75,2
1.93273,2178.16,2
1.80675,1934.37,2
1.96403,2376.51,2
2.03812,1924.15,0
1.97215,485.86,2
1.76444,152.92,2
1.89661,-389.46,2
1.88808,1572.0,2
1.89691,1748.22,2
1.97531,2272.01,2
1.91123,3487.27,1
2.05143,-244.71,2
1.78034,3083.26,1
1.79592,1881.18,2
2.04358,1722.88,2
2.0726,1342.14,2
1.85705,687.78,2
1.91468,-1489.88,2
1.88224,2198.68,2
1.94979,-39.34,1
1.87612,1331.49,0
1.97238,-353.08,0
1.92153,2484.4,2
1.91338,1365.61,2
1.88409,499.95,2
1.90971,1520.98,1
1.9595,3323.84,1
1.98882,815.23,2
1.9884,-2611.78,2
2.08025,1648.12,2
1.92527,1703.19,2
1.77734,2819.78,2
1.96426,1292.13,1
1.81522,457.11,1
1.79235,3723.55,1
1.76571,2071.18,2
1.81787,1498.78,2
2.07548,2700.21,1
1.75912,-668.9,2
2.00957,1732.3,2
1.77398,1648.09,2
2.01439,2231.82,2
1.95765,1726.37,2
1.97473,-273.22,2
1.90029,1899.76,2
2.07778,1353.26,2
1.94281,839.16,2
1.83189,1875.47,2
1.92924,1977.19,2
1.92934,1092.97,1
1.78938,1510.21,2
1.91212,2149.03,2
2.0557,1286.47,2
1.80248,1258.76,2
1.83557,-570.89,2
1.97082,3365.91,1
1.92687,680.6,2
2.02118,-1301.26,2
2.07793,-890.31,1
1.80474,-36.94,2
1.87046,1527.37,2
1.87316,746.59,1
2.03895,2010.51,2
1.81672,815.35,2
2.03806,-266.91,2
2.07732,2561.37,0
0.79191,3982.66,1
0.88559,3461.89,1
0.66779,2692.63,1
0.75537,3407.18,1
0.7953,3306.14,1
0.75774,2688.68,1
1.22317,2630.21,0
1.3439,3281.13,1
1.02016,2352.7,0
0.83083,4067.38,1
1.25554,2378.03,0
0.49583,3374.97,1
0.78889,2300.44,1
1.09156,4480.4,1
1.09738,2311.63,0
0.72581,2150.35,0
0.91539,3033.12,1
1.0586,2577.87,1
0.97816,3290.81,2
0.83592,1973.69,0
1.14051,2785.44,1
1.06208,3703.29,1
1.0855,2388.44,1
0.78284,2772.54,1
0.50464,1178.99,1
1.02189,2378.79,0
0.79805,2599.14,1
0.97622,3059.93,0
0.58996,2575.57,1
1.22154,3651.57,1
0.88385,3074.13,1
0.92682,3135.88,0
1.35021,2280.21,0
0.8537,2308.55,0
0.77501,3709.69,1
0.66998,2957.54,1
0.93537,3455.04,1
1.21849,2823.35,0
0.88373,1559.52,0
1.07506,3898.1,1
0.92469,2848.21,0
0.93192,3435.73,1
0.97131,3368.08,1
0.92799,3650.25,1
0.69188,2900.94,1
1.09371,2867.81,0
0.9724,2102.48,0
1.14559,2091.41,0
0.66316,2625.09,1
1.51788,2302.54,1
0.89464,3288.79,1
1.15314,3184.43,1
0.84478,3689.94,1
0.61869,3798.1,1
0.84575,3398.91,1
1.10368,1969.64,0
1.17586,3129.49,0
1.22239,3109.83,0
0.23558,4069.02,1
0.75572,2710.92,0
1.18086,2579.83,0
1.19464,3331.19,0
0.60613,3656.81,1
1.08706,3982.88,1
0.75571,3727.42,1
0.73603,2227.43,0
0.60776,3695.95,1
0.88382,3129.41,1
0.79293,3749.56,1
1.00582,3029.57,0
0.86329,3311.27,1
0.6822,3288.31,1
0.49433,2996.32,1
1.19524,3108.93,0
0.44337,2491.21,1
0.87913,2704.62,0
0.6732,3846.4,1
0.97644,3345.03,1
0.90625,2666.51,1
1.01368,3991.94,1
0.37581,685.84,0
0.72536,1473.01,0
0.8298,322.3,1
0.36523,670.21,1
0.29142,547.57,0
1.04448,-394.9,1
0.60906,1103.74,0
0.71121,2493.5,0
0.58672,88.24,0
0.54914,211.72,0
0.7763,3635.61,1
0.7365,719.05,0
0.95576,169.44,1
0.99284,821.9,1
0.27101,-1412.41,0
0.69356,1194.96,0
0.26349,-19.25,1
0.63238,91.45,0
0.50975,2002.25,0
0.8291,1854.08,0
0.49486,2067.06,1
0.39489,-390.28,1
0.63229,399.08,0
0.85895,1643.0,0
1.09794,4248.06,1
0.76513,934.47,0
0.66732,236.73,1
0.59884,-222.01,1
1.05634,-2451.08,2
0.77312,-131.27,1
0.72004,1311.77,0
0.38376,2552.64,1
0.59588,1035.3,0
0.54114,344.41,1
0.68859,1076.02,0
1.06723,793.91,1
0.24595,1175.71,1
0.94468,1375.66,0
0.37416,2661.76,1
0.43278,12.49,1
0.39181,1010.43,0
0.53919,955.16,0
1.29044,132.08,1
0.41608,208.36,0
0.99414,588.46,1
0.78252,477.01,1
0.56976,39.21,1
0.42348,751.27,2
0.69722,1352.37,0
1.25837,1908.1,0
0.49918,1775.15,0
0.46702,1055.83,0
0.71206,250.16,0
0.4765,993.25,0
0.68549,214.28,1
1.39427,483.09,0
0.67383,208.69,1
1.06033,344.91,1
0.58364,1374.01,0
0.30914,693.95,1
0.92038,1439.96,2
0.89079,1228.2,0
0.35559,816.63,0
1.03465,2309.4,0
1.06206,968.29,1
0.24671,3651.7,1
0.61185,801.12,1
0.59482,445.02,1
0.82348,-178.89,1
0.66389,855.29,0
0.66151,169.31,0
0.36824,3193.86,0
1.01508,373.98,1
0.15375,1727.06,1
0.86775,1442.47,0
1.04073,-1640.89,1
0.79766,1537.35,0
0.64284,2124.14,0
0.61847,-1289.63,1
0.52119,1217.32,1
0.96208,1417.94,0
0.28842,28.32,0
0.2094,1947.15,1
0.87424,-721.53,1
1.05051,495.93,1
1.05122,2103.67,0
0.41508,-760.11,1
0.33383,-688.44,1
0.3841,684.2,1
0.78616,-864.59,2
0.79767,1932.79,0
0.77103,624.39,0
0.65468,2152.58,0
1.02933,2724.08,0
1.11463,669.86,1
1.18558,1062.64,0
0.89067,571.97,1
0.42669,2651.48,1
0.30166,-811.16,1
0.61748,-462.61,1
0.68115,150.84,1
0.87875,699.8,1
0.60192,922.28,0
0.5363,818.13,0
0.33582,-233.99,0
0.67726,2136.89,0
0.59797,707.86,0
0.18707,2836.14,1
0.6314,363.84,0
0.70034,1662.72,1
0.51654,349.66,0
0.16869,455.21,1
1.01201,2775.97,0
0.48125,1453.7,0
0.49328,552.82,0
1.11178,6.29,1
0.48141,1993.48,0
0.68828,3502.06,1
0.86277,1827.86,0
0.59808,896.38,1
1.38065,1349.39,0
0.83196,2194.76,0
0.7507,671.3,1
0.60206,2844.84,1
0.74177,786.73,1
0.73971,3049.52,1
1.10403,2771.23,2
0.88921,1600.76,0
0.73185,1343.26,0
0.80247,851.19,1
0.7177,276.28,0
0.88365,981.5,0
1.06525,2348.71,1
1.14913,1733.55,0
0.7556,-782.7,1
0.96829,1042.82,0
0.47213,1295.93,0
1.14959,994.68,1
0.40355,-222.0,0
0.5178,2467.21,1
0.93138,1797.02,0
0.62339,-370.73,1
1.02735,-196.19,1
0.64855,1889.38,0
0.8851,996.05,0
0.16108,2552.17,1
0.697,697.48,0
1.09892,1612.14,0
0.70654,982.21,0
1.05762,-327.0,1
1.2442,698.17,1
0.68839,-56.32,1
1.09373,787.91,1
1.0847,633.37,1
1.19221,2937.81,0
0.75333,775.02,1
0.72712,1274.93,0
1.08439,1072.16,0
0.95783,1702.42,0
0.75593,-474.49,1
0.30597,550.46,0
0.60763,-2187.55,1
0.6307,-127.2,1
0.90985,239.51,1
0.45653,-324.0,1
0.72273,1011.5,0
0.8163,1814.72,0
1.04271,-1467.62,1
0.29185,1217.84,2
0.4058,-546.62,1
1.40307,280.89,0
0.41624,205.56,0
1.03458,1437.2,0
0.65354,-250.35,1
0.11812,-225.87,1
0.88842,1049.95,0
1.00695,1211.93,1
1.07928,-72.81,1
0.74786,2633.44,0
0.57362,495.86,0
0.346,1597.89,1
0.75281,-51.82,1
1.09333,1988.69,1
0.90072,2016.0,1
0.0,1927.02,0
0.51343,53.32,0
0.93188,1498.85,0
0.24887,125.2,0
0.34135,1466.86,1
0.5306,1382.15,0
0.27122,994.77,1
0.02211,515.91,1
0.9726,368.02,1
0.9675,921.62,1
0.02811,55.25,0
0.8006,2192.12,0
0.66568,727.35,1
0.40655,1503.63,1
0.49833,750.71,0
0.56274,1020.16,0
1.49685,4095.83,1
1.67829,3228.27,1
1.47275,4077.29,1
1.23767,3524.81,0
1.31882,2861.83,1
1.95432,4763.44,1
1.49444,3574.15,0
1.48255,4408.66,1
1.17293,3769.26,1
1.56538,3891.26,1
1.58297,5057.7,1
1.40881,6499.21,1
1.58616,4717.4,1
1.32675,4565.24,1
1.15962,3932.14,1
1.59638,3536.5,1
1.86495,4403.05,1
1.10811,3518.0,1
1.48781,3835.75,0
1.48253,3733.86,1
1.16881,5308.14,1
1.76105,4427.06,1
1.24616,5293.08,1
1.58685,4282.21,1
1.24084,3349.42,2
1.3226,3445.73,0
1.50391,5541.74,1
1.27475,5484.78,1
1.06932,3641.43,1
1.14542,3491.64,1
1.50045,4366.32,0
0.59261,4630.94,1
1.21675,3208.36,0
1.26431,3590.31,0
1.53316,4864.78,1
1.18426,3485.94,0
1.27841,3559.57,0
1.25264,4083.66,1
1.56562,2676.77,0
1.16862,4273.51,1
1.50244,2752.0,0
1.52422,4645.62,1
1.56256,2822.94,0
1.65188,4108.46,1
1.82084,2453.84,2
1.05533,3635.9,0
1.14463,5130.59,1
0.90001,3082.32,1
1.66011,3808.06,1
0.87138,5016.39,1
1.84456,5410.22,1
1.96036,4253.66,1
1.6833,2518.23,1
1.34669,5628.34,1
1.3929,3427.91,1
1.43321,3640.13,1
1.877,4392.61,1
1.02985,3930.06,1
1.47732,3562.18,1
1.58258,4485.01,1
1.34796,3067.57,0
1.47052,4386.93,1
1.3797,3421.47,0
1.35331,1801.18,0
1.35615,3118.27,0
1.55759,4313.36,0
1.64191,3619.62,0
1.74097,2977.11,1
1.84977,3536.79,1
1.53473,3171.13,0
1.53005,4329.42,1
1.44798,2552.57,0
1.39935,2749.53,1
0.92932,4118.56,1
1.62082,3139.32,1
1.53526,4017.0,1
1.55055,3783.87,1
1.46771,4579.3,1
1.61844,5022.26,1
1.23359,2908.42,0
1.5751,3227.56,1
0.77842,3734.05,1
1.75974,2897.04,2
1.84256,4182.83,1
1.50879,5738.46,1
1.14496,2825.73,0
1.16936,4675.39,1
1.42621,4449.18,1
1.47764,3173.41,0
1.6721,4615.12,1
1.19618,4061.09,1
1.14413,3581.35,1
1.78977,3333.83,1
1.12481,2554.61,0
1.52019,3086.85,0
1.13131,2854.81,0
1.3463,3824.71,1
1.91515,3606.9,1
1.49453,2923.79,0
1.40391,4459.9,2
0.25348,6151.74,1
0.28718,4840.64,1
0.0,4672.74,0
0.0,2066.37,1
0.0,5301.88,1
0.83043,5674.09,1
0.08045,4975.47,1
0.01746,5329.49,1
1.09487,5276.7,0
0.68363,4753.07,2
1.47853,3857.01,1
0.81411,2146.85,0
0.40838,7187.74,1
1.20208,3672.79,1
1.05429,4062.58,1
0.0,5125.41,1
1.57051,3340.9,0
1.21017,4572.09,1
0.7289,4172.57,1
0.00713,3473.61,1
1.301,1966.98,0
0.9012,3850.84,1
0.94154,4539.04,1
0.088,5097.91,1
0.14531,3454.04,1
0.0,3508.99,1
0.49283,3520.67,1
0.0,3855.99,1
0.73004,3358.97,1
1.23288,2549.71,0
1.27276,4603.53,1
0.67616,3426.83,1
0.0,2998.29,1
1.01994,3094.14,0
0.99233,4211.44,1
0.16626,4680.41,1
1.18735,3591.92,1
1.09207,1227.54,0
1.35388,3938.02,1
1.72202,4907.37,1
0.71662,3724.48,1
1.14055,3898.06,1
0.0,2758.73,1
0.43426,4917.55,1
0.27847,4827.81,1
0.66384,4973.63,1
0.45206,2558.16,1
1.18861,4494.78,1
0.99299,3598.88,1
0.37595,3891.98,1
0.0,-641.89,1
0.0,-708.25,1
0.17556,-794.46,1
0.0603,-579.61,1
0.22419,-1015.38,1
0.16653,-839.75,1
0.15004,-1003.91,1
0.10655,-702.13,1
0.45601,-600.22,1
0.25558,-928.94,1
0.3806,-582.04,1
0.01632,-963.42,1
0.08773,-620.98,0
0.80669,-591.53,1
0.0,-708.23,1
0.0265,-587.07,1
0.3659,-1074.19,1
0.22672,-990.89,1
0.38172,-536.49,1
0.51864,-423.45,0
0.30547,-932.33,1
0.41585,-1085.53,1
0.10878,-854.68,1
0.08276,-739.92,1
0.26201,-830.01,1
0.0,-879.06,1
0.03498,-898.07,1
0.0,-532.86,1
0.50599,-1020.0,1
0.0,-917.42,1
0.09554,-516.38,1
0.1716,-843.12,1
0.70242,-659.15,1
0.30524,-1264.84,1
0.13998,-989.94,1
0.12833,-1048.6,0
0.12013,-466.11,1
0.32384,-798.06,1
0.65783,-798.65,1
0.17312,-876.96,1
0.26238,-880.57,1
0.38106,-978.66,1
0.1341,-764.07,0
0.39608,-851.01,2
0.14232,-600.88,1
0.11405,-467.44,1
0.73128,-838.83,1
0.02904,-918.85,1
0.20932,-769.68,1
0.0,-698.79,2
0.30311,-720.64,1
0.0,-781.81,1
0.17566,-717.1,1
0.36284,-735.33,1
0.07427,-828.9,1
0.25653,-596.78,1
0.22411,-772.15,1
0.01006,-947.04,1
0.46453,-950.96,1
0.34063,-797.91,1
0.24478,-688.08,1
0.08626,-365.69,1
0.17632,-1015.35,1
0.25603,-577.97,1
0.12939,-910.22,1
0.27777,-500.84,1
0.39881,-1076.98,1
0.4544,-946.07,1
0.26133,-979.52,1
0.49941,-1056.09,1
0.316,-729.12,1
0.13335,-818.65,1
0.26228,-1083.55,1
0.05515,-1057.18,1
0.39936,-1087.68,1
0.0,-837.42,1
0.58858,-844.55,1
0.11445,-408.62,1
0.17437,-1221.29,1
0.57697,-586.13,1
0.0,-559.64,1
0.30298,-742.02,1
0.05725,-941.03,1
0.31824,-1085.62,1
0.34514,-969.62,1
0.18983,-762.66,1
0.37973,-574.71,1
0.39668,-551.72,1
0.0,-717.61,1
0.63376,-719.98,1
0.0,-790.2,1
0.21415,-751.32,1
0.07813,-586.68,1
0.40578,-850.48,2
0.0,-815.85,1
0.0,-560.94,2
0.1571,-657.92,2
0.03778,-886.98,1
0.06807,-541.45,1
0.2432,-876.47,1
0.14509,-396.97,1
0.23706,-791.61,1
0.27972,-817.19,1
0.02019,-551.58,1
0.42247,-1121.69,1
0.17658,-399.18,1
0.40513,-947.71,1
0.0,-959.39,1
0.201,-995.51,0
0.68009,-318.59,1
0.42526,-1123.03,1
0.38978,-1015.59,1
0.0,-574.62,1
0.0,-703.11,1
0.66914,-1143.45,1
0.0,-1158.35,1
0.42592,-758.95,1
0.29864,-671.96,1
0.14864,-1022.68,1
0.59476,-901.47,1
0.34636,-660.37,1
0.13797,-611.99,1
0.0,-711.09,2
0.46738,-764.29,1
0.4952,-400.46,1
0.0,-666.25,1
0.0,-648.22,1
0.18524,-971.76,1
0.33005,-749.66,2
0.43671,-646.79,1
0.13674,-785.17,0
0.0,-679.22,1
0.20536,-583.69,1
0.0,-969.93,1
0.06806,-636.16,1
0.12135,-1046.28,1
0.23216,-719.05,1
0.1589,-530.53,1
0.02267,-689.7,1
0.25453,-937.72,1
0.0567,-734.24,1
0.33113,-520.46,1
0.0,-690.44,1
0.0,-833.73,1
0.10264,-760.75,1
0.0,-773.28,1
0.64373,-444.61,1
0.17384,-961.72,1
0.0,-935.43,1
0.14446,-493.62,1
0.21884,-673.24,1
0.0,-767.26,1
0.17028,-522.15,1
0.04842,-876.88,0
0.17215,-662.01,2
0.27601,-786.16,1
0.51871,-1039.5,1
0.20151,-805.28,1
0.41729,-797.09,1
0.0,-966.79,1
0.39994,-904.6,1
0.50655,-490.48,1
0.53815,-697.28,1
0.38228,-676.47,1
0.18925,-602.44,1
0.4753,-670.99,2
0.17268,-975.54,1
0.41166,-530.49,1
0.05257,-334.79,1
0.40195,-631.24,1
0.10139,-951.53,1
0.35319,-1172.42,1
0.26784,-979.52,1
0.19127,-582.0,1
0.1284,-373.09,1
0.49301,-1043.36,1
0.47069,-739.49,0
0.25611,-1034.73,1
0.08503,-412.01,1
0.01098,-840.82,1
0.0,-1104.75,1
0.37695,-428.45,1
0.26771,-594.84,2
0.16042,-473.43,1
0.0,-1075.32,1
0.0,-533.44,0
0.1886,-434.48,1
0.57436,-836.51,1
0.12011,-567.46,1
0.11895,-1334.28,1
0.25523,-914.73,1
0.12346,-1000.25,1
0.20696,-733.96,1
0.51332,-660.73,1
0.15815,-905.68,1
0.31088,-757.74,1
0.06565,-1146.62,1
0.0,-740.82,1
0.0,-735.59,1
0.16669,-694.72,1
0.40154,-806.6,1
0.20251,-633.55,1
0.01579,-1062.67,1
0.16203,-736.65,1
0.22865,-805.59,1
0.21856,-1098.87,1
0.0,-555.01,1
0.02849,-880.41,1
0.0,-972.74,1
0.09638,-784.14,1
0.15398,-875.48,1
0.44642,-1159.61,1
0.09843,-535.91,0
0.11368,-1094.49,1
0.24951,-533.74,1
0.3804,-866.04,1
0.13386,-880.92,1
0.0,-858.07,1
0.27666,-901.65,1
0.24483,-1105.98,1
0.03703,-948.63,1
0.43257,-1053.73,1
0.30063,-812.33,1
0.0,-985.76,1
0.31484,-1123.47,1
0.34999,-293.07,1
0.12513,-837.47,1
0.30858,-1026.25,1
0.4836,-833.87,1
0.3217,-926.46,1
0.04084,-682.93,0
0.0227,-1030.58,1
0.07451,-964.44,1
0.25728,-512.37,1
0.10144,-994.45,1
0.54914,-965.78,2
0.63633,-773.51,1
0.64536,-852.52,1
0.2873,-954.43,1
0.30569,-1101.33,1
0.0,-739.04,1
0.24599,-1043.02,1
0.30538,-780.13,1
0.28066,-744.77,1
0.119,-899.05,1
0.42688,-737.96,1
0.51419,-799.78,1
0.24864,-837.55,1
0.41013,-1196.52,1
0.52825,-900.24,1
0.35803,-969.86,1
0.03906,-808.67,1
0.43003,-583.66,1
0.26565,-681.34,1
0.2492,-685.51,1
0.0,-964.82,1
0.06484,-839.09,1
0.08805,-761.99,1
0.38027,-935.46,1
0.04552,-728.41,1
0.53917,-756.09,1
0.35879,-697.67,1
0.0323,-922.88,1
0.09502,-807.52,1
0.32252,-846.78,2
0.38377,-777.87,1
0.04764,-692.73,0
0.1676,-380.71,2
0.27892,-1046.65,1
0.13959,-1164.25,1
0.04887,-511.87,1
0.2683,-729.0,1
0.21035,-579.67,1
0.02179,-918.6,1
0.25269,-899.42,0
0.17815,-812.81,1
0.37677,-382.27,1
0.0,-416.53,1
0.22285,-1062.08,1
0.09745,-640.44,1
0.37099,-938.35,1
0.0,-601.2,2
0.25892,-963.91,1
0.0,-784.36,1
0.11268,-893.18,1
0.12175,-575.86,2
0.11908,-524.59,1
0.26108,-792.25,1
0.20168,-1118.96,1
0.00082,-726.94,1
0.0811,-895.61,2
0.11692,-1007.12,1
0.20327,-829.69,1
0.41379,-883.04,1
0.21043,-1194.61,1
0.42886,-907.3,1
0.55366,-878.37,1
0.26112,-273.33,1
0.53957,-1052.87,1
0.07063,-941.29,1
1.45517,-289.98,1
1.66421,-21.53,2
1.81863,30.98,2
2.04244,145.29,1
1.95243,-706.19,1
1.80033,-770.59,2
1.54092,-563.3,2
1.84058,-331.07,2
1.66941,-67.76,2
1.88388,-618.64,2
1.56838,-485.38,2
1.43368,-223.0,1
1.84281,169.55,2
2.18082,112.77,1
1.88392,-146.01,2
1.78768,-775.74,2
1.81021,-725.12,2
1.52304,238.61,2
1.99243,-478.0,2
1.76482,-98.3,0
2.13867,-391.4,2
1.91301,384.31,2
1.58488,-429.31,2
1.82789,118.85,2
1.38433,-243.85,2
1.73325,47.89,0
1.64448,121.92,2
1.72597,4.23,1
1.80258,-601.32,2
1.85967,-277.62,1
1.87574,-262.0,1
1.88455,32.31,2
1.69494,-648.51,2
2.0208,64.14,2
1.76771,-248.69,2
1.71524,306.98,1
1.57488,-39.55,2
1.77404,-537.12,2
1.7262,-270.05,2
2.10429,58.89,2
1.92682,-244.12,2
2.08673,-493.36,2
1.84738,33.84,1
2.02859,-235.1,2
1.83184,-211.78,0
1.66008,-187.02,2
1.69993,-350.78,2
2.17324,-430.34,2
1.72125,-84.29,2
1.63147,-453.98,2
1.91326,219.48,2
1.89886,-201.89,2
1.97868,392.94,2
1.90441,-19.1,2
2.27975,12.56,2
1.73422,-572.53,2
1.77829,54.7,2
1.95266,342.5,2
1.71243,226.81,2
1.8147,-42.5,1
1.93559,-489.78,1
2.02451,-321.61,2
1.97779,-178.52,2
2.13626,354.62,2
1.56146,-306.34,2
1.55187,-732.5,1
1.99961,-279.69,2
1.59535,158.37,1
2.11296,270.75,2
1.71162,193.39,2
1.79664,-349.38,1
1.57119,123.85,2
1.79253,-115.11,2
1.5535,-410.79,1
1.97087,5.09,0
1.71745,-191.2,2
1.66603,-265.3,2
1.75091,-110.07,2
1.69627,-367.96,1
1.94186,-283.28,1
2.05628,-196.6,2
1.73558,-213.79,2
2.2772,-318.27,2
2.01064,-61.32,2
1.63423,-64.72,2
1.9013,-149.17,2
2.04352,-214.46,2
1.80182,-211.73,2
1.92393,-466.6,2
2.32794,-391.8,2
2.10507,-498.83,2
1.61221,-111.9,2
1.61223,-122.69,2
1.1838,-142.26,1
1.8137,-119.46,2
1.7386,-269.4,2
1.91394,232.84,2
1.94765,-92.43,2
1.9055,-45.51,2
1.75371,152.76,1
1.62948,-328.74,2
1.60441,-575.97,2
1.74114,23.22,2
1.9164,211.28,1
1.81222,133.97,2
1.71571,545.08,2
1.67549,-187.8,2
1.46581,-215.41,2
1.7623,-468.08,2
1.65011,-1.37,1
1.67143,-118.28,2
2.06555,-28.73,1
1.7409,-440.05,2
1.44492,-221.75,2
1.94399,20.48,2
1.63519,-130.07,2
1.79281,-142.12,2
1.71342,-187.11,2
1.77181,235.3,2
1.64845,-159.84,2
1.95714,78.04,2
1.59204,140.14,2
2.00153,-270.09,1
1.96364,-82.32,2
1.92073,672.68,1
1.89173,-89.12,1
1.78731,-332.85,2
1.73082,-249.0,2
1.6845,-26.05,2
1.76124,174.64,2
1.50178,-294.21,2
2.10671,-304.42,1
1.93878,-134.05,2
1.94461,-344.7,2
2.152,-2.41,2
2.05813,-838.99,2
1.63353,-32.51,2
1.86863,-130.29,2
1.75393,-674.14,2
1.63983,-288.13,2
1.72089,15.16,1
1.92551,-329.16,2
1.60171,258.44,0
1.78371,-143.81,2
1.81436,-491.61,2
1.93739,99.36,1
1.90092,-365.45,2
1.7597,-1.27,2
1.902,-78.09,2
1.93439,-521.06,2
1.84709,193.03,2
1.95381,-458.87,2
2.21622,-696.78,2
1.75747,241.4,2
1.22672,-353.51,1
1.29452,553.9,1
1.4856,-16.43,1
2.05514,-615.25,2
1.70867,-242.66,1
1.4412,414.7,0
2.01349,-185.81,2
1.83089,-101.48,2
1.94498,296.92,2
1.84062,-70.48,2
1.8405,-451.41,2
1.6615,206.12,2
1.56585,-136.73,2
1.80498,41.79,2
1.9622,146.99,2
1.69615,-306.8,1
2.23574,48.23,2
1.57414,-270.22,2
1.40494,-595.72,2
1.5614,477.11,0
1.8714,108.08,1
1.59983,-225.38,1
1.61539,275.48,1
1.43009,-61.9,0
1.80408,-162.61,2
1.82804,-81.7,2
1.91321,-276.63,2
1.87539,34.81,2
1.85958,-778.49,2
1.61914,79.68,1
1.61055,-67.36,2
1.71045,-245.17,1
1.32567,-180.75,1
1.5946,-468.69,2
1.97482,-334.46,2
1.30378,25.15,0
1.68885,-274.08,1
1.51083,447.33,0
1.48214,-401.44,2
1.64429,-51.38,2
1.37658,-143.49,1
1.80124,-75.0,2
1.49373,-210.4,2
2.22869,180.65,2
2.06623,266.33,2
1.57366,-126.68,1
